days
12345
bus
1a-b
stop
48a
6	233752
7	021222324254
8	061828384858
9	09203654
10	0516273849
11	032241
12	002043
13	06234056
14	13354858
15	0818283850
16	021424344454
17	0414263850
18	011223344558
19	17273953
20	072140
21	15
stop
49a
6	243853
7	031323334355
8	071929394959
9	10213755
10	0617283950
11	042342
12	012144
13	07244157
14	14364959
15	0919293951
16	031525354555
17	0515273951
18	021324354659
19	18284054
20	082241
21	16
stop
50a
6	253954
7	041424344456
8	0820304050
9	0011223856
10	0718294051
11	052443
12	022245
13	08254258
14	153750
15	001020304052
16	041626364656
17	0616284052
18	0314253647
19	0019294155
20	092342
21	17
stop
51a
6	264055
7	051525354557
8	0921314151
9	0112233957
10	0819304152
11	062544
12	032346
13	09264359
14	163851
15	011121314153
16	051727374757
17	0717294153
18	0415263748
19	0120314256
20	102443
21	18
stop
52a
6	284257
7	071727374759
8	1123334353
9	0314254159
10	1021324354
11	082746
12	052548
13	112845
14	01184053
15	031323334355
16	071929394959
17	0919314355
18	0617283950
19	0322334458
20	122645
21	20
stop
54a
6	3145
7	001023334353
8	051729394959
9	09203147
10	0516273849
11	00143352
12	113154
13	173451
14	07244659
15	0919293949
16	011325354555
17	0515253749
18	011223344556
19	09283947
20	01152948
21	23
stop
55a
6	3347
7	021225354555
8	0719314151
9	0111223349
10	0718294051
11	02163554
12	133356
13	193653
14	092648
15	011121314151
16	031527374757
17	0717273951
18	031425364758
19	11304149
20	03173150
21	25
stop
42b
6	3649
7	051528384858
8	1022344454
9	0414253652
10	1021324354
11	05193857
12	163659
13	223956
14	122951
15	041424344454
16	0618304050
17	001020304254
18	0617283950
19	0114334452
20	06203453
21	28
stop
41b
6	3952
7	0819324252
8	021426384858
9	0717283955
10	1324354657
11	082241
12	001939
13	02254259
14	153254
15	071727374757
16	0921334353
17	031323334557
18	0920314253
19	0417364755
20	09233756
21	31
stop
56b
6	4154
7	1021344454
8	0416284050
9	000919304157
10	1526374859
11	102443
12	022141
13	042744
14	01173456
15	091929394959
16	1123354555
17	051525354759
18	1122334455
19	0619384957
20	11253958
21	33
stop
57b
6	4356
7	1223364656
8	0618304252
9	021121324359
10	17283950
11	01122645
12	042343
13	062946
14	03193658
15	1121314151
16	011325374757
17	0717273749
18	011324354657
19	0821405159
20	132741
21	0035
stop
58b
6	4558
7	1425384858
8	0820324454
9	0413233445
10	0119304152
11	03142847
12	062545
13	083148
14	052138
15	001323334353
16	031527394959
17	0919293951
18	031526374859
19	10234253
20	01152943
21	0237
stop
59b
6	47
7	001216274050
8	001022344656
9	0615253647
10	0321324354
11	05163049
12	082747
13	103350
14	072340
15	021525354555
16	0517294151
17	011121314153
18	0517283950
19	0112254455
20	03173145
21	0439
stop
60b
6	49
7	021418294252
8	021224364858
9	0817273849
10	0523344556
11	07183251
12	102949
13	123552
14	092542
15	041727374757
16	0719314353
17	031323334355
18	0719304152
19	03142746
20	05193347
21	0641
stop
61b
6	51
7	041620314454
8	0414263850
9	001019294051
10	0725364758
11	09203453
12	123151
13	143754
14	112744
15	061929394959
16	0921334555
17	051525354557
18	0921324354
19	05162948
20	07213549
21	0843
stop
62b
6	52
7	051721324555
8	0515273951
9	011120304152
10	0826374859
11	10213554
12	133252
13	153855
14	122845
15	0720304050
16	001022344656
17	061626364658
18	1022334455
19	06173049
20	08223650
21	0944
stop
63b
6	54
7	071923344757
8	0717294153
9	031322324354
10	10283950
11	0112233756
12	153454
13	174057
14	143047
15	0922324252
16	021224364858
17	0818283848
18	001224354657
19	08193251
20	09233751
21	1045
stop
64b
6	55
7	082024354858
8	0818304254
9	041423334455
10	11294051
11	0213243857
12	163555
13	184158
14	153148
15	1023334353
16	031325374959
17	0919293949
18	011325364758
19	09203352
20	10243852
21	1146
stop
65b
6	56
7	092125364959
8	0919314355
9	051524344556
10	12304152
11	0314253958
12	173656
13	194259
14	163249
15	1124344454
16	0414263850
17	001020304050
18	021426374859
19	10213453
20	11253953
21	1247
stop
66b
6	58
7	1123273851
8	011121334557
9	071726364758
10	14324354
11	05162741
12	00193858
13	2144
14	01183451
15	1326364656
16	0616284052
17	021222324252
18	0416283950
19	0112233655
20	13274155
21	1449
