days
12345
bus
1b-a
stop
48b
6	233752
7	021222324254
8	061828384858
9	09203654
10	0516273849
11	032241
12	002043
13	06234056
14	13354858
15	0818283850
16	021424344454
17	0414263850
18	011223344558
19	17273953
20	072140
21	15
stop
49b
6	243853
7	031323334355
8	071929394959
9	10213755
10	0617283950
11	042342
12	012144
13	07244157
14	14364959
15	0919293951
16	031525354555
17	0515273951
18	021324354659
19	18284054
20	082241
21	16
stop
50b
6	253954
7	041424344456
8	0820304050
9	0011223856
10	0718294051
11	052443
12	022245
13	08254258
14	153750
15	001020304052
16	041626364656
17	0616284052
18	0314253647
19	0019294155
20	092342
21	17
stop
51b
6	264055
7	051525354557
8	0921314151
9	0112233957
10	0819304152
11	062544
12	032346
13	09264359
14	163851
15	011121314153
16	051727374757
17	0717294153
18	0415263748
19	0120314256
20	102443
21	18
stop
52b
6	284257
7	071727374759
8	1123334353
9	0314254159
10	1021324354
11	082746
12	052548
13	112845
14	01184053
15	031323334355
16	071929394959
17	0919314355
18	0617283950
19	0322334458
20	122645
21	20
stop
54b
6	3145
7	001023334353
8	051729394959
9	09203147
10	0516273849
11	00143352
12	113154
13	173451
14	07244659
15	0919293949
16	011325354555
17	0515253749
18	011223344556
19	09283947
20	01152948
21	23
stop
55b
6	3347
7	021225354555
8	0719314151
9	0111223349
10	0718294051
11	02163554
12	133356
13	193653
14	092648
15	011121314151
16	031527374757
17	0717273951
18	031425364758
19	11304149
20	03173150
21	25
stop
42b
6	3649
7	051528384858
8	1022344454
9	0414253652
10	1021324354
11	05193857
12	163659
13	223956
14	122951
15	041424344454
16	0618304050
17	001020304254
18	0617283950
19	0114334452
20	06203453
21	28
stop
41b
6	3952
7	0819324252
8	021426384858
9	0717283955
10	1324354657
11	082241
12	001939
13	02254259
14	153254
15	071727374757
16	0921334353
17	031323334557
18	0920314253
19	0417364755
20	09233756
21	31
stop
56b
6	4154
7	1021344454
8	0416284050
9	000919304157
10	1526374859
11	102443
12	022141
13	042744
14	01173456
15	091929394959
16	1123354555
17	051525354759
18	1122334455
19	0619384957
20	11253958
21	33
stop
57b
6	4356
7	1223364656
8	0618304252
9	021121324359
10	17283950
11	01122645
12	042343
13	062946
14	03193658
15	1121314151
16	011325374757
17	0717273749
18	011324354657
19	0821405159
20	132741
21	0035
stop
58b
6	4558
7	1425384858
8	0820324454
9	0413233445
10	0119304152
11	03142847
12	062545
13	083148
14	052138
15	001323334353
16	031527394959
17	0919293951
18	031526374859
19	10234253
20	01152943
21	0237
stop
59b
6	47
7	001216274050
8	001022344656
9	0615253647
10	0321324354
11	05163049
12	082747
13	103350
14	072340
15	021525354555
16	0517294151
17	011121314153
18	0517283950
19	0112254455
20	03173145
21	0439
stop
60b
6	49
7	021418294252
8	021224364858
9	0817273849
10	0523344556
11	07183251
12	102949
13	123552
14	092542
15	041727374757
16	0719314353
17	031323334355
18	0719304152
19	03142746
20	05193347
21	0641
stop
61b
6	51
7	041620314454
8	0414263850
9	001019294051
10	0725364758
11	09203453
12	123151
13	143754
14	112744
15	061929394959
16	0921334555
17	051525354557
18	0921324354
19	05162948
20	07213549
21	0843
stop
62b
6	52
7	051721324555
8	0515273951
9	011120304152
10	0826374859
11	10213554
12	133252
13	153855
14	122845
15	0720304050
16	001022344656
17	061626364658
18	1022334455
19	06173049
20	08223650
21	0944
stop
63b
6	54
7	071923344757
8	0717294153
9	031322324354
10	10283950
11	0112233756
12	153454
13	174057
14	143047
15	0922324252
16	021224364858
17	0818283848
18	001224354657
19	08193251
20	09233751
21	1045
stop
64b
6	55
7	082024354858
8	0818304254
9	041423334455
10	11294051
11	0213243857
12	163555
13	184158
14	153148
15	1023334353
16	031325374959
17	0919293949
18	011325364758
19	09203352
20	10243852
21	1146
stop
65b
6	56
7	092125364959
8	0919314355
9	051524344556
10	12304152
11	0314253958
12	173656
13	194259
14	163249
15	1124344454
16	0414263850
17	001020304050
18	021426374859
19	10213453
20	11253953
21	1247
stop
66b
6	58
7	1123273851
8	011121334557
9	071726364758
10	14324354
11	05162741
12	00193858
13	2144
14	01183451
15	1326364656
16	0616284052
17	021222324252
18	0416283950
19	0112233655
20	13274155
21	1449
stop
67b
6	59
7	1224283952
8	021222344658
9	081827374859
10	15334455
11	06172842
12	01203959
13	2245
14	02193552
15	1427374757
16	0717294153
17	031323334353
18	0517294051
19	0213243756
20	14284256
21	1550
stop
68b
7	021527314255
8	0515253749
9	011121304051
10	0218364758
11	09203145
12	042342
13	022548
14	05223855
15	17304050
16	001020324456
17	061626364656
18	0820324354
19	0516274059
20	17314559
21	1853
stop
69b
7	051830344558
8	0818284052
9	041424334354
10	05213950
11	0112233448
12	072645
13	052851
14	08254158
15	20334353
16	031323354759
17	091929394959
18	1123354657
19	08193043
20	02203448
21	022156
bus
1a-b
stop
69a
6	304254
7	0618304050
8	001020304254
9	061626364657
10	08244253
11	0415263750
12	102948
13	073052
14	133450
15	0022344656
16	0616263850
17	021222324252
18	0314253951
19	0315273955
20	09243751
21	0825
22	00
stop
68a
6	334557
7	0921334353
8	031323334557
9	0919293949
10	0011274556
11	0718294053
12	133251
13	103355
14	163753
15	0325374959
16	0919294153
17	051525354555
18	0617284254
19	0618304258
20	12274054
21	1128
22	03
stop
66a
6	3648
7	001224364656
8	0616263648
9	001222324252
10	0314304859
11	1021324356
12	163554
13	133658
14	194056
15	06284052
16	021222324456
17	081828384858
18	0920314557
19	09213345
20	0115304357
21	1431
22	06
stop
68a
6	3850
7	021426384858
8	0818283850
9	021424344454
10	05163250
11	011223344558
12	183756
13	1538
14	00214258
15	08304254
16	041424344658
17	1020304050
18	001122334759
19	11233547
20	0317324559
21	1633
22	08
stop
64a
6	3951
7	031527394959
8	0919293951
9	031525354555
10	06173351
11	021324354659
12	193857
13	1639
14	01224359
15	09314355
16	051525354759
17	1121314151
18	0112233448
19	0012243648
20	04183346
21	001734
22	09
stop
63a
6	4052
7	0416284050
8	001020304052
9	041626364656
10	07183452
11	0314253647
12	00203958
13	1740
14	022344
15	0010324456
16	0616263648
17	001222324252
18	0213243549
19	0113253749
20	05193447
21	011835
22	10
stop
61a
6	4254
7	0618304252
8	021222324254
9	061828384858
10	09203654
11	0516273849
12	022241
13	001942
14	042546
15	0212344658
16	0818283850
17	021424344454
18	0415263751
19	0315273951
20	07213649
21	032037
22	12
stop
70a
6	4557
7	0922344656
8	061626364658
9	1022324252
10	0212233957
11	0819304152
12	052544
13	032245
14	072849
15	05153749
16	011222324254
17	061828384858
18	0819304155
19	0718304254
20	10233851
21	052239
22	14
stop
59a
6	021628404759
7	1125374959
8	0919293949
9	011224344454
10	0414254159
11	1021324354
12	072746
13	052447
14	093051
15	08184052
16	041525354557
17	0921314151
18	0111224458
19	0920324456
20	124053
21	072441
22	16
stop
57a
6	0519314350
7	0214284052
8	021222324252
9	041527374757
10	07172844
11	021324354657
12	103049
13	082750
14	123354
15	11214355
16	0718283848
17	001224344454
18	04142547
19	011223354759
20	1543
21	102744
stop
56a
6	0721334552
7	0416304254
8	041424344454
9	061729394959
10	09193046
11	041526374859
12	123251
13	102952
14	143556
15	13234557
16	0920304050
17	021426364656
18	06162749
19	0314253749
20	011745
21	122946
stop
42a
6	0923364855
7	0719334557
8	071727374757
9	0920324252
10	0212223349
11	0718294051
12	02153554
13	133255
14	173859
15	162648
16	001223354555
17	0719314151
18	0111213254
19	0718294153
20	042048
21	153249
stop
55a
6	1125385057
7	0921354759
8	091929394959
9	1122344454
10	0414243551
11	0920314253
12	04173756
13	153457
14	1940
15	01182850
16	021425374757
17	0921334353
18	0313233456
19	0920314355
20	062250
21	173451
stop
54a
6	1227405259
7	11233749
8	011121314151
9	011324364656
10	0616263753
11	1122334455
12	06193958
13	173659
14	2142
15	03203052
16	041627394959
17	1123354555
18	0515253658
19	1122334557
20	082452
21	193653
stop
53a
6	14294254
7	0113253951
8	031323334353
9	031526384858
10	0818283955
11	1324354657
12	082141
13	001938
14	012344
15	05223254
16	0618294151
17	011325374757
18	07172738
19	001324354759
20	102654
21	213855
stop
52a
6	16314456
7	0315274153
8	051525354555
9	0517284050
10	001020304157
11	1526374859
12	102343
13	022140
14	032546
15	07243456
16	0820314353
17	031527394959
18	09192940
19	0215263749
20	01122856
21	234057
stop
51a
6	18334658
7	0517294355
8	071727374757
9	0719304252
10	021222324359
11	17283950
12	01122545
13	042342
14	052748
15	09263658
16	1022334555
17	0517294151
18	0111213142
19	0417283951
20	03143058
21	254259
stop
50a
6	203548
7	000921334759
8	1121314151
9	011123344656
10	0616263647
11	0321324354
12	05162949
13	082746
14	093152
15	133040
16	021426374959
17	0921334555
18	0515253546
19	0821324355
20	061733
21	002744
22	01
stop
49a
6	213649
7	0110223448
8	001222324252
9	021224354757
10	0717273748
11	0422334455
12	06173050
13	092847
14	103253
15	143141
16	0315273850
17	001022344656
18	0616263647
19	0922334456
20	071834
21	012845
22	02
stop
48a
6	223750
7	0211233549
8	011323334353
9	031325364858
10	0818283849
11	0723344556
12	07183151
13	102948
14	113554
15	153242
16	0416283951
17	011123354757
18	0717273748
19	1023344557
20	081935
21	022946
22	03