days
67
bus
42a-b
stop
1a
6	38
7	194356
8	2051
9	052554
10	12
11	0029
12	1036
13	1144
14	1953
15	3159
16	2650
17	3154
18	2145
19	0857
20	3452
stop
2a
6	39
7	204457
8	2152
9	062655
10	13
11	0130
12	1137
13	1245
14	2054
15	32
16	002751
17	3255
18	2246
19	0958
20	3553
stop
3a
6	40
7	214558
8	2253
9	072756
10	14
11	0231
12	1238
13	1346
14	2155
15	33
16	012852
17	3356
18	2347
19	1059
20	3654
stop
4a
6	41
7	224659
8	2354
9	082857
10	15
11	0332
12	1339
13	1447
14	2256
15	34
16	022953
17	3457
18	2448
19	11
20	003755
stop
5a
6	44
7	2549
8	022657
9	1131
10	0018
11	0635
12	1642
13	1750
14	2559
15	37
16	053256
17	37
18	002751
19	14
20	034058
stop
6a
6	46
7	2751
8	042859
9	1333
10	0220
11	0837
12	1844
13	1952
14	27
15	0139
16	073458
17	39
18	022953
19	16
20	0542
21	00
stop
7a
6	49
7	3054
8	0731
9	021636
10	0523
11	1140
12	2147
13	2255
14	30
15	0442
16	1037
17	0142
18	053256
19	19
20	0845
21	03
stop
8a
6	51
7	3256
8	0933
9	041838
10	0725
11	1342
12	2349
13	2457
14	32
15	0644
16	1239
17	0344
18	073458
19	21
20	1047
21	05
stop
9a
6	53
7	3458
8	1135
9	062040
10	0927
11	1544
12	2551
13	2659
14	34
15	0846
16	1441
17	0546
18	0936
19	0023
20	1249
21	07
stop
10a
6	2955
7	37
8	011438
9	092343
10	1230
11	1847
12	2854
13	29
14	0237
15	1149
16	1744
17	0849
18	1239
19	0326
20	1552
21	09
stop
11a
6	3157
7	39
8	031640
9	112545
10	1432
11	2049
12	3056
13	31
14	0439
15	1351
16	1946
17	1051
18	1441
19	0528
20	1754
21	11
stop
12a
6	34
7	0043
8	072044
9	152949
10	1836
11	2453
12	34
13	0035
14	0843
15	1755
16	2350
17	1455
18	1845
19	0932
20	2158
21	15
stop
13a
6	37
7	0346
8	102347
9	183252
10	2139
11	2756
12	37
13	0338
14	1146
15	2058
16	2653
17	1758
18	2148
19	1235
20	24
21	0118
stop
14a
6	39
7	0548
8	122549
9	203454
10	2341
11	2958
12	39
13	0540
14	1348
15	22
16	002855
17	19
18	002350
19	1437
20	26
21	0320
stop
15a
6	41
7	0750
8	142751
9	223656
10	2543
11	31
12	0041
13	0742
14	1550
15	24
16	023057
17	21
18	022552
19	1639
20	28
21	0522
stop
16a
6	43
7	0952
8	162953
9	243858
10	2745
11	33
12	0243
13	0944
14	1752
15	26
16	043259
17	23
18	042754
19	1841
20	30
21	0724
stop
17a
6	45
7	1154
8	183155
9	2640
10	002947
11	35
12	0445
13	1146
14	1954
15	28
16	0634
17	0125
18	062956
19	2043
20	32
21	0926
stop
18a
6	47
7	1356
8	203357
9	2842
10	023149
11	37
12	0647
13	1348
14	2156
15	30
16	0836
17	0327
18	083158
19	2245
20	34
21	1128
stop
19a
6	49
7	1558
8	223559
9	3044
10	043351
11	39
12	0849
13	1550
14	2358
15	32
16	1038
17	0529
18	1033
19	002447
20	36
21	1330
stop
20a
6	52
7	18
8	012538
9	023347
10	073654
11	42
12	1152
13	1853
14	26
15	0135
16	1341
17	0832
18	1336
19	032750
20	39
21	1633
stop
21a
6	54
7	20
8	032740
9	043549
10	093856
11	44
12	1354
13	2055
14	28
15	0337
16	1543
17	1034
18	1538
19	052952
20	41
21	1835
stop
22a
6	56
7	22
8	052942
9	063751
10	114058
11	46
12	1556
13	2257
14	30
15	0539
16	1745
17	1236
18	1740
19	073154
20	43
21	2037
stop
23a
6	59
7	25
8	083245
9	094054
10	1443
11	0149
12	1859
13	25
14	0033
15	0842
16	2048
17	1539
18	2043
19	103457
20	46
21	2340
stop
24a
7	0026
8	093346
9	104155
10	1544
11	0250
12	19
13	0026
14	0134
15	0943
16	2149
17	1640
18	2144
19	113558
20	47
21	2441
stop
25a
7	0127
8	103447
9	114256
10	1645
11	0351
12	20
13	0127
14	0235
15	1044
16	2250
17	1741
18	2245
19	123659
20	48
21	2542
stop
26a
7	0329
8	123649
9	134458
10	1847
11	0553
12	22
13	0329
14	0437
15	1246
16	2452
17	1943
18	2447
19	1438
20	0150
21	2744
stop
27a
7	0430
8	133750
9	144559
10	1948
11	0654
12	23
13	0430
14	0538
15	1347
16	2553
17	2044
18	2548
19	1539
20	0251
21	2845
stop
28a
7	0531
8	143851
9	1546
10	002049
11	0755
12	24
13	0531
14	0639
15	1448
16	2654
17	2145
18	2649
19	1640
20	0352
21	2946
stop
29a
7	0733
8	164053
9	1748
10	022251
11	0957
12	26
13	0733
14	0841
15	1650
16	2856
17	2347
18	2851
19	1842
20	0554
21	3148
bus
42b-a
stop
29b
7	1242
8	174057
9	2450
10	142957
11	14
12	0329
13	0739
14	1347
15	2551
16	29
17	072447
18	28
19	022743
20	1955
21	3552
stop
28b
7	1343
8	184158
9	2551
10	153058
11	15
12	0430
13	0840
14	1448
15	2652
16	30
17	082548
18	29
19	032844
20	2056
21	3653
stop
27b
7	1545
8	2043
9	002753
10	1732
11	0017
12	0632
13	1042
14	1650
15	2854
16	32
17	102750
18	31
19	053046
20	2258
21	3855
stop
26b
7	1646
8	2144
9	012854
10	1833
11	0118
12	0733
13	1143
14	1751
15	2955
16	33
17	112851
18	32
19	063147
20	2359
21	3956
stop
25b
7	1848
8	2346
9	033056
10	2035
11	0320
12	0935
13	1345
14	1953
15	3157
16	35
17	133053
18	34
19	083349
20	25
21	014158
stop
24b
7	2050
8	2548
9	053258
10	2237
11	0522
12	1137
13	1547
14	2155
15	3359
16	37
17	153255
18	36
19	103551
20	27
21	0343
22	00
stop
23b
7	2151
8	2649
9	063359
10	2338
11	0623
12	1238
13	1648
14	2256
15	34
16	0038
17	163356
18	37
19	113652
20	28
21	0444
22	01
stop
22b
7	2555
8	3053
9	1037
10	032742
11	1027
12	1642
13	2052
14	26
15	0038
16	0442
17	2037
18	0041
19	154056
20	32
21	0848
22	05
stop
21b
7	2757
8	3255
9	1239
10	052944
11	1229
12	1844
13	2254
14	28
15	0240
16	0644
17	2239
18	0243
19	174258
20	34
21	1050
22	07
stop
20b
7	2959
8	3457
9	1441
10	073146
11	1431
12	2046
13	2456
14	30
15	0442
16	0846
17	2441
18	0445
19	1944
20	0036
21	1252
22	09
stop
30b
7	30
8	003558
9	1542
10	083247
11	1532
12	2147
13	2557
14	31
15	0543
16	0947
17	2542
18	0546
19	2045
20	0137
21	1353
22	10
stop
31b
7	32
8	0237
9	001744
10	103449
11	1734
12	2349
13	2759
14	33
15	0745
16	1149
17	2744
18	0748
19	2247
20	0339
21	1555
22	12
stop
32b
7	34
8	0439
9	021946
10	123651
11	1936
12	2551
13	29
14	0135
15	0947
16	1351
17	2946
18	0950
19	2449
20	0541
21	1756
22	13
stop
33b
7	36
8	0641
9	042249
10	153955
11	2340
12	2955
13	33
14	0539
15	1351
16	1755
17	3350
18	1354
19	2852
20	0843
21	1958
22	15
stop
34b
7	37
8	0742
9	052350
10	164056
11	2441
12	3056
13	34
14	0640
15	1452
16	1856
17	3451
18	1455
19	2953
20	0944
21	2059
22	16
stop
17b
7	39
8	0944
9	072552
10	184258
11	2643
12	3258
13	36
14	0842
15	1654
16	2058
17	3653
18	1657
19	3155
20	1146
21	21
22	0017
stop
16b
7	41
8	1146
9	092754
10	2045
11	012946
12	35
13	0139
14	1145
15	1957
16	23
17	013956
18	19
19	003357
20	1348
21	23
22	0219
stop
35b
7	43
8	1348
9	112956
10	2247
11	033148
12	37
13	0341
14	1347
15	2159
16	25
17	034158
18	21
19	023559
20	1550
21	25
22	0421
stop
15b
7	45
8	1550
9	143259
10	2550
11	073552
12	41
13	0745
14	1751
15	25
16	0329
17	0745
18	0225
19	0639
20	031852
21	27
22	0623
stop
13b
7	47
8	1752
9	1634
10	012752
11	093754
12	43
13	0947
14	1953
15	27
16	0531
17	0947
18	0427
19	0841
20	052054
21	29
22	0825
stop
12b
7	50
8	2055
9	1937
10	043055
11	124057
12	46
13	1250
14	2256
15	30
16	0834
17	1250
18	0730
19	1144
20	082357
21	32
22	1128
stop
36b
7	52
8	2257
9	2139
10	063257
11	144259
12	48
13	1452
14	2458
15	32
16	1036
17	1452
18	0932
19	1346
20	102559
21	34
22	1330
stop
11b
7	55
8	25
9	002442
10	0935
11	001745
12	0251
13	1755
14	27
15	0135
16	1339
17	1755
18	1235
19	1649
20	1328
21	0236
22	1532
stop
10b
7	57
8	27
9	022644
10	1137
11	021947
12	0453
13	1957
14	29
15	0337
16	1541
17	1957
18	1437
19	1851
20	1530
21	0438
22	1734
stop
9b
7	59
8	29
9	042846
10	1339
11	042149
12	0655
13	2159
14	31
15	0539
16	1743
17	2159
18	1639
19	2053
20	1732
21	0640
22	1936
stop
8b
8	0030
9	052947
10	1440
11	052250
12	0756
13	22
14	0032
15	0640
16	1844
17	22
18	001740
19	2154
20	1833
21	0741
22	2037
stop
7b
8	0232
9	073149
10	1642
11	072452
12	0958
13	24
14	0234
15	0842
16	2046
17	24
18	021942
19	2255
20	1934
21	0842
22	2138
stop
36b
8	0434
9	093351
10	1844
11	092654
12	11
13	0026
14	0436
15	1044
16	2248
17	26
18	042144
19	2457
20	2136
21	1044
22	2340
stop
6b
8	0737
9	123654
10	2147
11	122957
12	14
13	0329
14	0739
15	1347
16	2551
17	29
18	072447
19	27
20	002439
21	1246
22	2542
stop
5b
8	0939
9	143856
10	2349
11	143159
12	16
13	0531
14	0941
15	1549
16	2753
17	31
18	092649
19	29
20	022641
21	1448
22	2744
stop
4b
8	1141
9	164058
10	2551
11	1633
12	0118
13	0733
14	1143
15	1751
16	2955
17	33
18	112851
19	31
20	042843
21	1650
22	2946
stop
3b
8	1343
9	1842
10	002753
11	1835
12	0320
13	0935
14	1345
15	1953
16	3157
17	35
18	133053
19	33
20	063045
21	1852
22	3148
stop
2b
8	1444
9	1943
10	012854
11	1936
12	0421
13	1036
14	1446
15	2054
16	3258
17	36
18	143154
19	34
20	073146
21	1953
22	3249
stop
1b
8	1545
9	2044
10	022955
11	2037
12	0522
13	1137
14	1547
15	2155
16	3359
17	37
18	153255
19	35
20	083247
21	2054
22	3350