days
67
bus
16a-b
stop
1a
6	09314359
7	13253749
8	011326364558
9	12193445
10	04203651
11	07213650
12	0316294355
13	0617283950
14	0113243547
15	0013263952
16	0518314457
17	11223548
18	0114273951
19	0213243650
20	042041
21	032646
22	1238
23	08
stop
2a
6	103244
7	0014263850
8	021427374659
9	13203546
10	05213752
11	08223751
12	0417304456
13	0718294051
14	0214253648
15	0114274053
16	0619324558
17	12233649
18	0215284052
19	0314253751
20	052142
21	042747
22	1339
23	09
stop
3a
6	113345
7	0115273951
8	0315283847
9	0014213647
10	06223853
11	09233852
12	0518314557
13	0819304152
14	0315263749
15	0215284154
16	0720334659
17	13243750
18	0316294153
19	0415263852
20	062243
21	052848
22	1440
23	10
stop
4a
6	123446
7	0216284052
8	0416293948
9	0115223748
10	07233954
11	10243953
12	0619324658
13	0920314253
14	0416273850
15	0316294255
16	08213447
17	0014253851
18	0417304254
19	0516273953
20	072344
21	062949
22	1541
23	11
stop
5a
6	153749
7	0519314355
8	0719324251
9	0418254051
10	10264257
11	13274256
12	09223549
13	011223344556
14	0719304153
15	0619324558
16	11243750
17	0317284154
18	0720334557
19	0819304256
20	102647
21	093252
22	1844
23	14
stop
6a
6	173951
7	0721334557
8	0921344453
9	0620274253
10	12284459
11	15294458
12	11243751
13	031425364758
14	0921324355
15	08213447
16	0013263952
17	0519304356
18	0922354759
19	1021324458
20	122849
21	113454
22	2046
23	16
stop
7a
6	204254
7	10243648
8	001224374756
9	0923304556
10	153147
11	02183247
12	0114274054
13	0617283950
14	011224354658
15	11243750
16	0316294255
17	0822334659
18	12253850
19	0213243547
20	01153152
21	143757
22	2349
23	19
stop
8a
6	224456
7	12263850
8	021426394958
9	1125324758
10	173349
11	04203449
12	0316294256
13	0819304152
14	0314263748
15	0013263952
16	0518314457
17	10243548
18	0114274052
19	0415263749
20	03173354
21	163959
22	2551
23	21
stop
9a
6	244658
7	14284052
8	0416284151
9	0013273449
10	00193551
11	06223651
12	0518314458
13	1021324354
14	0516283950
15	0215284154
16	0720334659
17	12263750
18	0316294254
19	0617283951
20	05193556
21	1841
22	012753
23	23
stop
10a
6	062648
7	0017314355
8	0719314454
9	0316303752
10	03223854
11	09253954
12	08213447
13	011324354657
14	0819314253
15	0518314457
16	10233649
17	0215294053
18	0619324557
19	0920314254
20	08223859
21	2043
22	032955
23	25
stop
11a
6	082850
7	0219334557
8	0921334656
9	0518323954
10	05244056
11	11274156
12	10233649
13	031526374859
14	1021334455
15	0720334659
16	12253851
17	0417314255
18	0821344759
19	1122334456
20	102440
21	012245
22	053157
23	27
stop
83a
6	103052
7	0421354759
8	1123354858
9	0720344156
10	07264258
11	13294358
12	12253851
13	0517283950
14	011223354657
15	09223548
16	0114274053
17	0619334457
18	10233649
19	011324354658
20	122642
21	032447
22	073359
23	29
stop
12a
6	133355
7	08253951
8	0315273952
9	0211243845
10	00113046
11	02173347
12	0216294255
13	0921324354
14	0516273950
15	0113263952
16	0518314457
17	10233748
18	0114274053
19	0517283950
20	02163046
21	062750
22	1036
23	0232
stop
13a
6	163658
7	11284254
8	0618304255
9	0514274148
10	03143349
11	05203650
12	0519324558
13	1224354657
14	0819304253
15	0416294255
16	08213447
17	0013264051
18	0417304356
19	0820314253
20	05193349
21	093053
22	1339
23	0535
stop
52a
6	1838
7	0013304456
8	0820324457
9	0716294350
10	05163551
11	07223852
12	07213447
13	001426374859
14	1021324455
15	0618314457
16	10233649
17	0215284253
18	0619324558
19	1022334455
20	07213551
21	113255
22	1541
23	0737
stop
84a
6	1939
7	0114314557
8	0921334558
9	0817304451
10	06173652
11	08233953
12	08223548
13	0115273849
14	001122334556
15	0719324558
16	11243750
17	0316294354
18	0720334659
19	1123344556
20	08223652
21	123356
22	1642
23	0838
stop
85a
6	2141
7	0316334759
8	11233547
9	001019324653
10	08193854
11	10254155
12	10243750
13	0317294051
14	021324354758
15	09213447
16	0013263952
17	0518314556
18	09223548
19	011325364758
20	10243854
21	143558
22	1844
23	1040
stop
86a
6	2343
7	06193650
8	0214263850
9	031322354956
10	11224157
11	13284458
12	13274053
13	0620324354
14	0516273850
15	0112243750
16	0316294255
17	0821344859
18	12253851
19	0416283950
20	0113274157
21	1637
22	002046
23	1242
stop
87a
6	2646
7	09223953
8	0517294153
9	061625385259
10	142544
11	00163147
12	0116304356
13	0923354657
14	0819304153
15	0415274053
16	0619324558
17	11243751
18	0215284154
19	0719314253
20	04163044
21	001940
22	032349
23	1545
stop
30a
6	2747
7	10234054
8	0618304254
9	0717263953
10	00152645
11	01173248
12	0217314457
13	1024364758
14	0920314254
15	0516284154
16	0720334659
17	12253852
18	0316294255
19	0820324354
20	05173145
21	012041
22	042450
23	1646
bus
16b-a
stop
30b
6	3151
7	14304558
8	1022344658
9	1020314356
10	07203449
11	05203652
12	06203548
13	0114284052
14	021324354658
15	0820324558
16	11243750
17	0316294257
18	0720334659
19	11233547
20	0013223648
21	042344
22	062955
23	2148
stop
87b
6	3252
7	15314659
8	1123354759
9	1121324457
10	08213550
11	06213753
12	07213649
13	0215294153
14	031425364759
15	0921334659
16	12253851
17	0417304358
18	08213447
19	0012243648
20	0114233749
21	052445
22	073056
23	2249
stop
86b
6	3555
7	183449
8	0214263850
9	0214243547
10	0011243853
11	09244056
12	10243952
13	0518324456
14	0617283950
15	0212243649
16	0215284154
17	07203346
18	0111243750
19	0315273951
20	0417264052
21	082748
22	103359
23	2552
stop
85b
6	3757
7	203651
8	0416284052
9	0416263749
10	0213264055
11	11264258
12	12264154
13	0720344658
14	0819304152
15	0414263851
16	0417304356
17	09223548
18	0313263952
19	0517294153
20	0619284254
21	102950
22	1235
23	012754
stop
84b
6	3858
7	213752
8	0517294153
9	0517273850
10	0314274156
11	12274359
12	13274255
13	0821354759
14	0920314253
15	0515273952
16	0518314457
17	10233649
18	0414274053
19	0618304254
20	0720294355
21	113051
22	1336
23	022855
stop
52b
6	40
7	00233954
8	0719314355
9	0719294052
10	0516294358
11	142945
12	0115294457
13	10233749
14	011122334455
15	0717294154
16	0720334659
17	12253851
18	0616294255
19	0820324456
20	0922314557
21	133253
22	1538
23	043057
stop
13b
6	43
7	03264257
8	1022344658
9	1022324355
10	08193246
11	01173248
12	04183247
13	0013264052
14	041425364758
15	1020324457
16	10233649
17	0215284154
18	0919324558
19	1123354759
20	12253448
21	00163556
22	1841
23	0733
0	00
stop
12b
6	46
7	062945
8	0013253749
9	011325354658
10	11223549
11	04203551
12	07213550
13	0316294355
14	0717283950
15	0113233547
16	0013263952
17	0518314457
18	12223548
19	0114263850
20	0215283751
21	03193859
22	2144
23	1036
0	03
stop
36b
6	48
7	083147
8	0215273951
9	0315273748
10	0013243751
11	06223753
12	09233752
13	0518314557
14	0919304152
15	0315253749
16	0215284154
17	0720334659
18	14243750
19	0316284052
20	0417303953
21	052140
22	012346
23	1238
0	05
stop
11b
6	50
7	113450
8	0518304254
9	0618304051
10	0316274054
11	09254056
12	12264055
13	08213448
14	001222334455
15	0618284052
16	0518314457
17	10233649
18	0217274053
19	0619314355
20	0720334256
21	072342
22	032548
23	1440
0	07
stop
10b
6	52
7	133652
8	0720324456
9	0820324253
10	0518294256
11	11274258
12	14284257
13	10233650
14	021424354657
15	0820304254
16	0720334659
17	12253851
18	0419294255
19	0821334557
20	0922354458
21	092544
22	052750
23	1642
0	09
stop
9b
6	54
7	153854
8	0922344658
9	1022344455
10	0720314458
11	132944
12	0016304459
13	12253852
14	041626374859
15	1022324456
16	09223548
17	0114274053
18	0621314457
19	1023354759
20	11243746
21	00112746
22	072952
23	1844
0	11
stop
8b
6	55
7	163955
8	1023354759
9	1123354556
10	0821324559
11	143045
12	01173145
13	0013263953
14	0517273849
15	001123334557
16	10233649
17	0215284154
18	0722324558
19	11243648
20	0012253847
21	01122847
22	083053
23	1945
0	12
stop
7b
6	56
7	184157
8	12253749
9	011325374758
10	10233447
11	01163247
12	03193347
13	0215284155
14	0719294051
15	021325354759
16	12253851
17	0417304356
18	09243447
19	0012253749
20	0113263948
21	02132948
22	093154
23	2046
0	13
stop
37b
6	58
7	204359
8	14273951
9	0315273949
10	0012253649
11	03183449
12	05213549
13	0417304357
14	0921314253
15	0415273749
16	0114274053
17	0619324558
18	11263649
19	0214273951
20	0315284150
21	04153150
22	113356
23	2248
0	15
stop
6b
7	002346
8	0217304254
9	0618304252
10	0315283952
11	06213752
12	08243852
13	07203346
14	001224344556
15	0718304052
16	0417304356
17	09223548
18	0114293952
19	0517304254
20	0618314453
21	06173352
22	133558
23	2450
0	17
stop
5b
7	022548
8	0419324456
9	0820324454
10	0517304154
11	08233954
12	10264054
13	09223548
14	021426364758
15	0920324254
16	0619324558
17	11243750
18	0316314154
19	0719324456
20	0820334655
21	08193554
22	1537
23	002652
0	19
stop
4b
7	042750
8	0621344658
9	1022344656
10	0719324356
11	10254156
12	12284256
13	11243750
14	0416283849
15	001122344456
16	08213447
17	0013263952
18	0518334356
19	0921344658
20	1022354857
21	10213756
22	1739
23	022854
0	21
stop
3b
7	062952
8	08233648
9	001224364858
10	0921344558
11	12274358
12	14304458
13	13263952
14	0618304051
15	021324364658
16	10233649
17	0215284154
18	0720354558
19	11233648
20	001224375059
21	12233958
22	1941
23	043056
0	23
stop
2b
7	073053
8	09243749
9	011325374959
10	1022354659
11	13284459
12	15314559
13	14274053
14	0719314152
15	031425374759
16	11243750
17	0316294255
18	0821364659
19	12243749
20	0113253851
21	0013244059
22	2042
23	053157
0	24
stop
1b
7	083154
8	10253850
9	0214263850
10	0011233647
11	00142945
12	00163246
13	0015284154
14	0820324253
15	0415263848
16	0012253851
17	0417304356
18	09223747
19	0013253850
20	0214263952
21	01142541
22	002143
23	063258
0	25