days
67
bus
1b-a
stop
48b
6	3454
7	112845
8	0014284256
9	10243853
10	082544
11	03214056
12	112846
13	04203754
14	112946
15	03193549
16	02163045
17	00153045
18	00153150
19	092643
20	0431
stop
49b
6	3555
7	122946
8	0115294357
9	11253954
10	092645
11	04224157
12	122947
13	05213855
14	123047
15	04203650
16	03173146
17	01163146
18	01163251
19	102744
20	0532
stop
50b
6	3656
7	133047
8	0216304458
9	12264055
10	102746
11	05234258
12	133048
13	06223956
14	133148
15	05213751
16	04183247
17	02173247
18	02173352
19	112845
20	0633
stop
51b
6	3757
7	143148
8	0317314559
9	13274156
10	112847
11	06244359
12	143149
13	07234057
14	143249
15	06223852
16	05193348
17	03183348
18	03183453
19	122946
20	0734
stop
52b
6	3959
7	163350
8	05193347
9	0115294358
10	133049
11	082645
12	01163351
13	09254259
14	163451
15	08244054
16	07213550
17	05203550
18	05203655
19	143148
20	0936
stop
54b
6	42
7	02193653
8	08223650
9	04183246
10	01173453
11	123049
12	05203755
13	132946
14	03203855
15	12284458
16	11253954
17	09243954
18	09244059
19	183451
20	1239
stop
55b
6	44
7	04213855
8	10243852
9	06203448
10	03193655
11	143251
12	07223957
13	153148
14	05224057
15	143046
16	0013274156
17	11264156
18	112642
19	01203653
20	1441
stop
42b
6	46
7	06234057
8	12264054
9	08223650
10	05213857
11	163453
12	09244159
13	173350
14	07244259
15	163248
16	0215294358
17	13284358
18	132844
19	03223855
20	1643
stop
41b
6	49
7	092643
8	0015294357
9	11253953
10	082441
11	00193756
12	122744
13	02203653
14	102745
15	02193551
16	05183246
17	01163146
18	01163147
19	06254158
20	1946
stop
56b
6	51
7	112845
8	0217314559
9	13274155
10	102643
11	02213958
12	142946
13	04223855
14	122947
15	04213753
16	07203448
17	03183348
18	03183349
19	082743
20	002148
stop
57b
6	53
7	133047
8	04193347
9	0115294357
10	122845
11	042341
12	00163148
13	06244057
14	143149
15	06233955
16	09223650
17	05203550
18	05203551
19	102945
20	022350
stop
58b
6	55
7	153249
8	06213549
9	0317314559
10	143047
11	062543
12	02183350
13	08264259
14	163351
15	08254157
16	11243852
17	07223752
18	07223753
19	123147
20	042552
stop
59b
6	3157
7	173451
8	08233751
9	05193347
10	01163249
11	082745
12	04203552
13	102844
14	01183553
15	10274359
16	13264054
17	09243954
18	09243955
19	143349
20	062754
stop
60b
6	3359
7	193653
8	10253953
9	07213549
10	03183451
11	102947
12	06223754
13	123046
14	03203755
15	122945
16	0115284256
17	11264156
18	11264157
19	163551
20	082956
stop
61b
6	34
7	00203754
8	11264054
9	08223650
10	04193552
11	113048
12	07233855
13	133147
14	04213856
15	133046
16	0216294357
17	12274257
18	12274258
19	173652
20	093057
stop
62b
6	35
7	01213855
8	12274155
9	09233751
10	05203653
11	123149
12	08243956
13	143248
14	05223957
15	143147
16	0317304458
17	13284358
18	13284359
19	183753
20	103158
stop
63b
6	36
7	02223956
8	13284256
9	10243852
10	06213754
11	133250
12	09254057
13	153349
14	06234058
15	153248
16	0418314559
17	14294459
18	142944
19	00193854
20	113259
stop
64b
6	37
7	03234057
8	14294357
9	11253953
10	07223855
11	143351
12	10264158
13	163450
14	07244159
15	163349
16	05193246
17	00153045
18	00153045
19	01203955
20	1233
21	00
stop
65b
6	38
7	04244158
8	15304458
9	12264054
10	08233956
11	153452
12	11274259
13	173551
14	082542
15	00173450
16	06203347
17	01163146
18	01163146
19	02214056
20	1334
21	01
stop
66b
6	40
7	062643
8	00173246
9	0014284256
10	10254158
11	173654
12	132944
13	01193753
14	102744
15	02193652
16	08223549
17	03183348
18	03183348
19	04234258
20	1536
21	03
stop
67b
6	41
7	072744
8	01183347
9	0115294357
10	11264259
11	183755
12	143045
13	02203854
14	112845
15	03203753
16	09233650
17	04193449
18	04193449
19	05244359
20	1637
21	04
stop
68b
6	44
7	103047
8	04213650
9	04183246
10	00142945
11	02214058
12	173348
13	05234157
14	143148
15	06234056
16	12263953
17	07223752
18	07223752
19	082746
20	021940
21	07
stop
69b
6	47
7	133350
8	07243953
9	07213549
10	03173248
11	052443
12	01203651
13	082644
14	00173451
15	09264359
16	15294256
17	10254055
18	10254055
19	113049
20	052243
21	10
bus
1a-b
stop
69a
6	3049
7	05203754
8	11274257
9	12264155
10	09233752
11	092847
12	05224056
13	122946
14	03203855
15	133047
16	03183346
17	0014294459
18	14294459
19	153453
20	112948
21	20
stop
68a
6	3352
7	08234057
8	143045
9	0015294458
10	12264055
11	123150
12	08254359
13	153249
14	06234158
15	163350
16	06213649
17	03173247
18	02173247
19	02183756
20	143251
21	23
stop
66a
6	3655
7	112643
8	00173348
9	03183247
10	0115294358
11	153453
12	112846
13	02183552
14	092644
15	01193653
16	09243952
17	06203550
18	05203550
19	05214059
20	173554
21	26
stop
68a
6	3857
7	132845
8	02193550
9	05203449
10	03173145
11	00173655
12	133048
13	04203754
14	112846
15	03213855
16	11264154
17	08223752
18	07223752
19	072342
20	01193756
21	28
stop
64a
6	3958
7	142946
8	03203651
9	06213550
10	04183246
11	01183756
12	143149
13	05213855
14	122947
15	04223956
16	12274255
17	09233853
18	08233853
19	082443
20	02203857
21	29
stop
63a
6	4059
7	153047
8	04213752
9	07223651
10	05193347
11	02193857
12	153250
13	06223956
14	133048
15	05234057
16	13284356
17	10243954
18	09243954
19	092544
20	03213958
21	30
stop
61a
6	42
7	01173249
8	06233954
9	09243853
10	07213549
11	04214059
12	173452
13	08244158
14	153250
15	07254259
16	15304558
17	12264156
18	11264156
19	112746
20	052341
21	0032
stop
70a
6	45
7	04203552
8	09264257
9	12274156
10	10243852
11	072443
12	02203755
13	112744
14	01183553
15	102845
16	02183348
17	0115294459
18	14294459
19	143049
20	082543
21	0234
stop
59a
6	123247
7	0622374854
8	11284459
9	14294358
10	12264054
11	092645
12	04223957
13	132946
14	03203755
15	123047
16	04203550
17	03173146
18	01163146
19	01163251
20	102745
21	0436
stop
57a
6	153550
7	0925405157
8	143147
9	02173246
10	0115294357
11	122948
12	072542
13	00163249
14	06234058
15	153350
16	07233853
17	06203449
18	04193449
19	04193554
20	133048
21	0739
stop
56a
6	173752
7	1127425359
8	163349
9	04193448
10	0317314559
11	143150
12	092744
13	02183451
14	082542
15	00173552
16	09254055
17	08223651
18	06213651
19	06213756
20	153250
21	0941
stop
42a
6	193954
7	13304556
8	02193652
9	07223751
10	06203448
11	02173453
12	123047
13	05213754
14	112845
15	03203855
16	12284358
17	11253954
18	09243954
19	09244059
20	183553
21	1244
stop
55a
6	214156
7	15324758
8	04213854
9	09243953
10	08223650
11	04193655
12	143249
13	07233956
14	133047
15	05224057
16	143045
17	0013274156
18	11264156
19	112642
20	01203755
21	1446
stop
54a
6	234358
7	173449
8	0006234056
9	11264155
10	10243852
11	06213857
12	163451
13	09254158
14	153249
15	07244259
16	163247
17	0215294358
18	13284358
19	132844
20	03223957
21	1648
stop
53a
6	2545
7	00193651
8	0208254258
9	13284357
10	12264054
11	08234059
12	183653
13	112743
14	00173451
15	092644
16	01183449
17	04173145
18	00153045
19	00153046
20	05244159
21	1850
stop
52a
6	2747
7	02213853
8	04102744
9	0015304559
10	14284256
11	102542
12	01203855
13	132945
14	02193653
15	112846
16	03203651
17	06193347
18	02173247
19	02173248
20	072643
21	012052
stop
51a
6	2949
7	04234055
8	06122946
9	02173247
10	0116304458
11	122744
12	03224057
13	153147
14	04213855
15	133048
16	05223853
17	08213549
18	04193449
19	04193450
20	092845
21	032254
stop
50a
6	3151
7	06254257
8	08143148
9	04193449
10	04193347
11	01153047
12	062543
13	00183450
14	07244158
15	163351
16	08254156
17	11243852
18	07223752
19	07223753
20	123147
21	052456
stop
49a
6	3252
7	07264358
8	09153249
9	05203550
10	05203448
11	02163148
12	072644
13	01193551
14	08254259
15	173452
16	09264257
17	12253953
18	08233853
19	08233854
20	133248
21	062557
stop
48a
6	3353
7	08274459
8	10163350
9	06213651
10	06213549
11	03173249
12	082745
13	02203652
14	092643
15	00183553
16	10274358
17	13264054
18	09243954
19	09243955
20	143349
21	072658