bus
42
stop
1
5   59
6	112438
7	03204454
8	0715294459
9	2147
10	092750
11	153554
12	1133
13	073252
14	11224156
15	133353
16	173247
17	02163353
18	183352
19  1842
20  0553
stop
2
6	00122539
7	04214555
8	08163045
9	002248
10	102851
11	163655
12	1234
13	083353
14	12234257
15	143454
16	183348
17	03173454
18	193453
19	1943
20	0654
stop
3
6	01132640
7	05224656
8	09173146
9	012349
10	112952
11	173756
12	1335
13	093454
14	13244358
15	153555
16	193449
17	04183555
18	203554
19	2044
20	0755
stop
4
6	02142741
7	06234757
8	10183247
9	022450
10	123053
11	183857
12	1436
13	103555
14	14254459
15	163656
16	203550
17	05193656
18	213655
19	2145
20	0856
stop
5
6	05173044
7	092650
8	0013213550
9	052753
10	153356
11	2141
12	001739
13	133858
14	172847
15	02193959
16	233853
17	08223959
18	243958
19	2448
20	1159
stop
6
6	07193246
7	133054
8	0417253954
9	083056
10	183659
11	2444
12	032042
13	1641
14	01203150
15	052242
16	02264257
17	122643
18	032843
19	022650
20	13
21	01
stop
7
6	10223549
7	163357
8	0720284257
9	113359
10	2139
11	022747
12	062345
13	1944
14	04233453
15	082545
16	052945
17	00152946
18	063146
19	052953
20	16
21	04
stop
8
6	12243751
7	183559
8	0922304459
9	1335
10	012341
11	042949
12	082547
13	2146
14	06253655
15	102747
16	073147
17	02173148
18	083348
19	073155
20	18
21	06
stop
9
6	14263953
7	2037
8	0111243246
9	011537
10	032543
11	063151
12	102749
13	2348
14	08273857
15	122949
16	093349
17	04193350
18	103550
19	093357
20	20
21	08
stop
10
5	50
6	0316284357
7	102643
8	0717303852
9	041840
10	062846
11	093454
12	133052
13	2651
14	113041
15	00153252
16	123854
17	09243855
18	154055
19	1236
20	0023
21	11
stop
11
5	52
6	0518304559
7	122845
8	0919324054
9	072143
10	093149
11	123757
12	163355
13	2954
14	143344
15	03183555
16	154157
17	12274158
18	184358
19	1539
20	0326
21	14
stop
12
5	55
6	08213348
7	02163249
8	1323364458
9	112547
10	133553
11	1641
12	01203759
13	3358
14	183748
15	07223959
16	1945
17	01163145
18	022247
19	021943
20	0730
21	18
stop
13
5	58
6	11243651
7	05193552
8	16263947
9	01142850
10	163856
11	1944
12	042340
13	0236
14	01214051
15	102542
16	022248
17	04193448
18	052550
19	052246
20	1033
21	21
stop
14
6	0013263853
7	07213754
8	18284149
9	03163052
10	184058
11	2146
12	062542
13	0438
14	03234253
15	122744
16	042450
17	06213650
18	072752
19	072448
20	1235
21	23
stop
15
6	0215284055
7	09233956
8	20304351
9	05183254
10	2042
11	002348
12	082744
13	0640
14	05254455
15	142946
16	082854
17	12274256
18	133357
19	122851
20	1437
21	25
stop
16
6	0417304257
7	11254158
8	22324553
9	07203456
10	2244
11	022550
12	102946
13	0842
14	07274657
15	163148
16	103056
17	14294458
18	153559
19	143053
20	1639
21	27
stop
17
6	0619324459
7	132743
8	0024344755
9	09223658
10	2446
11	042752
12	123148
13	1044
14	09294859
15	183350
16	123258
17	163146
18	001737
19	01163255
20	1841
21	29
stop
18
6	08213446
7	01152945
8	0226364957
9	112438
10	002648
11	062954
12	143350
13	1246
14	113150
15	01203552
16	1434
17	00183348
18	021939
19	03183457
20	2043
21	31
stop
19
6	10233648
7	03173147
8	0428385159
9	132640
10	022850
11	083156
12	163552
13	1448
14	133352
15	03223754
16	1636
17	02203550
18	042141
19	05203659
20	2245
21	33
stop
20
6	13263951
7	06203450
8	07314154
9	02162943
10	053153
11	113459
12	193855
13	1751
14	163655
15	06254057
16	1939
17	05233853
18	072444
19	082339
20	022548
21	36
stop
21
6	15284153
7	08223652
8	09334356
9	04183145
10	073355
11	1336
12	01214057
13	1953
14	183857
15	08274259
16	2141
17	07254055
18	092646
19	102541
20	042750
21	38
stop
22
6	17304355
7	10243854
8	11354558
9	06203347
10	093557
11	1538
12	03234259
13	2155
14	204059
15	102944
16	012343
17	09274257
18	112848
19	122743
20	062952
21	40
stop
23
6	20334658
7	13274157
8	143848
9	0109233650
10	1238
11	001841
12	062645
13	022458
14	2343
15	02133247
16	042646
17	123045
18	00143151
19	153046
20	093255
21	43
stop
24
6	21344759
7	14284258
8	153949
9	0210243751
10	1339
11	011942
12	072746
13	032559
14	2444
15	03143348
16	052747
17	133146
18	01153252
19	163147
20	103356
21	44
stop
25
6	223548
7	0015294359
8	164050
9	0311253852
10	1440
11	022043
12	082847
13	0426
14	002545
15	04153449
16	062848
17	143247
18	02163353
19	173248
20	113457
21	45
stop
26
6	243750
7	02173145
8	01184252
9	0513274054
10	1642
11	042245
12	103049
13	0628
14	022747
15	06173651
16	083050
17	163449
18	04183555
19	193450
20	133659
21	47
stop
27
6	253851
7	03183246
8	02194353
9	0614284155
10	1743
11	052346
12	113150
13	0729
14	032848
15	07183752
16	093151
17	173550
18	05193656
19	203551
20	1437
21	0048
stop
28
6	263952
7	04193347
8	03204454
9	0715294256
10	1844
11	062447
12	123251
13	0830
14	042949
15	08193853
16	103252
17	183651
18	06203757
19	213652
20	1538
21	0149
stop
29
6	284154
7	06213549
8	05224656
9	0917314458
10	2046
11	082649
12	143453
13	1032
14	063151
15	10214055
16	123454
17	203853
18	08223959
19	233854
20	1740
21	0351
stop
30
6	284356
7	11283951
8	08234759
9	09243853
10	153349
11	123558
12	1640
13	042047
14	133451
15	122944
16	012440
17	032643
18	02193246
19	00234357
20	2643
21	09
22	02
stop
31
6	294457
7	12294052
8	092448
9	0010253954
10	163450
11	133659
12	1741
13	052148
14	143552
15	133045
16	022541
17	042744
18	03203347
19	01244458
20	2744
21	10
22	03
stop
32
6	314659
7	14314254
8	112650
9	0212274156
10	183652
11	1538
12	011943
13	072350
14	163754
15	153247
16	042743
17	062946
18	05223549
19	032646
20	002946
21	12
22	05
stop
33
6	3247
7	0015324355
8	122751
9	0313284257
10	193753
11	1639
12	022044
13	082451
14	173855
15	163348
16	052844
17	073047
18	06233650
19	042747
20	013047
21	13
22	06
stop
34
6	3449
7	0217344557
8	142953
9	0515304459
10	213955
11	1841
12	042246
13	102653
14	194057
15	183550
16	073046
17	093249
18	08253852
19	062949
20	033249
21	15
22	08
stop
35
6	3651
7	0419364759
8	163155
9	07173246
10	01234157
11	2043
12	062448
13	122855
14	214259
15	203752
16	093248
17	113451
18	10274054
19	083151
20	053451
21	17
22	10
stop
36
6	3752
7	05203748
8	00173256
9	08183347
10	02244258
11	2144
12	072549
13	132956
14	2243
15	00213853
16	103349
17	123552
18	11284155
19	093252
20	063552
21	18
22	11
stop
37
6	3954
7	07223950
8	02193458
9	10203549
10	042644
11	002346
12	092751
13	153158
14	2445
15	02234055
16	123551
17	143754
18	13304357
19	113454
20	083754
21	20
22	13
stop
38
6	4156
7	09244152
8	042136
9	0012223751
10	062846
11	022548
12	112953
13	1733
14	002647
15	04254257
16	143753
17	163956
18	15324559
19	133656
20	103956
21	22
22	15
stop
39
6	4358
7	11264354
8	062338
9	0214243953
10	083048
11	042750
12	133155
13	1935
14	022849
15	06274459
16	163955
17	184158
18	173447
19	01153858
20	124158
21	24
22	17
stop
40
6	45
7	0014294657
8	092641
9	0416264155
10	103250
11	062952
12	153357
13	2137
14	043051
15	082946
16	01184258
17	2144
18	01203750
19	031740
20	001443
21	0026
22	19
stop
41
6	46
7	0115304758
8	102742
9	0517274256
10	113351
11	073053
12	163458
13	2238
14	053152
15	093047
16	02194359
17	2245
18	02213851
19	041841
20	011544
21	0127
22	20
stop
42
6	48
7	03173249
8	00122944
9	0719294458
10	133553
11	093255
12	1836
13	002440
14	073354
15	113249
16	042145
17	012447
18	04234053
19	062043
20	031746
21	0329
22	22
stop
43
6	50
7	05193451
8	02143146
9	09213146
10	00153755
11	113457
12	2038
13	022642
14	093556
15	133451
16	062347
17	032649
18	06254255
19	082245
20	041847
21	0430
22	23
stop
44
6	52
7	07223754
8	05173449
9	11233348
10	02173957
11	133659
12	2240
13	042844
14	113758
15	153653
16	092650
17	083154
18	11304659
19	112548
20	062049
21	0632
22	25
stop
45
6	53
7	08233855
8	06183550
9	12243449
10	03184058
11	1437
12	002341
13	052945
14	123859
15	163754
16	102751
17	093255
18	123147
19	00122649
20	072150
21	0733
22	26
stop
46
6	55
7	10254057
8	08203752
9	14263651
10	052042
11	001639
12	022543
13	073147
14	1440
15	01183956
16	122953
17	113457
18	143349
19	02142851
20	092352
21	0834
22	27
stop
47
6	57
7	142944
8	0112244156
9	17293954
10	082345
11	031942
12	052846
13	103450
14	1743
15	04214259
16	153256
17	1437
18	00173652
19	05173153
20	112554
21	1036
22	29
stop
48
6	59
7	163146
8	0314264358
9	19314156
10	102547
11	052144
12	073048
13	123652
14	1945
15	062344
16	01173458
17	1639
18	02193854
19	07193355
20	132756
21	1238
22	31
stop
49
7	02203651
8	08193147
9	0223344459
10	132850
11	082447
12	103351
13	153955
14	2248
15	092647
16	042138
17	022043
18	06234258
19	11233658
20	152958
21	1440
22	33
stop
50
7	05234055
8	12233551
9	05263747
10	02163153
11	112750
12	133654
13	184258
14	2551
15	122950
16	072441
17	052346
18	092645
19	01142639
20	011731
21	001642
22	35
stop
51
7	08264358
8	15263854
9	08294050
10	05193456
11	143053
12	163957
13	2145
14	012854
15	153253
16	102744
17	082649
18	122948
19	04172942
20	042034
21	031945
22	38
stop
52
7	102845
8	0017284056
9	10314252
10	07213658
11	163255
12	184159
13	2347
14	033056
15	173455
16	122946
17	102851
18	143150
19	06193144
20	062236
21	052147
22	40
stop
53
7	143249
8	04213244
9	0013344555
10	102439
11	01193558
12	2144
13	022650
14	063359
15	203758
16	153250
17	143255
18	183554
19	09223447
20	092539
21	082450
22	43
stop
54
7	163552
8	07243547
9	0316374858
10	132742
11	042238
12	012447
13	052953
14	0936
15	022340
16	01183553
17	173558
18	213857
19	11243649
20	112741
21	102652
22	45
stop
55
7	183754
8	09263749
9	05183950
10	00152944
11	062440
12	032649
13	073155
14	1138
15	042542
16	03203755
17	1937
18	00234059
19	13263851
20	132943
21	1228
stop
56
7	193855
8	10273850
9	06194051
10	01163045
11	072541
12	042750
13	083256
14	1239
15	052643
16	04213856
17	2038
18	012441
19	0014273952
20	143044
21	1329
stop
57
7	214057
8	12294052
9	08214253
10	03183247
11	092743
12	062952
13	103458
14	1441
15	072845
16	06234058
17	2240
18	032643
19	0115284053
20	153145
21	1430
stop
58
7	234259
8	14314254
9	10234455
10	05203449
11	112945
12	083154
13	1236
14	001643
15	093047
16	082542
17	002442
18	052845
19	0317304255
20	173347
21	1632
stop
59
7	2645
8	0217344557
9	13264758
10	08233752
11	143248
12	113457
13	1539
14	031946
15	123350
16	112846
17	042846
18	093249
19	0620334558
20	203650
21	1935
stop
60
7	2847
8	0419364759
9	152849
10	0010253954
11	163450
12	133659
13	1741
14	052148
15	143552
16	133048
17	063048
18	113451
19	08223547
20	00223852
21	2137
stop
61
7	3049
8	06213849
9	01173051
10	0212274156
11	183652
12	1538
13	011943
14	072350
15	163754
16	153250
17	083250
18	133653
19	10243749
20	02244054
21	2339
stop
62
7	3251
8	08234051
9	03193253
10	0414294358
11	203854
12	1740
13	032145
14	092552
15	183956
16	173452
17	103452
18	153855
19	12263951
20	04264256
21	2541
stop
63
7	3352
8	09244152
9	04203354
10	0515304459
11	213955
12	1841
13	042246
14	102653
15	194057
16	183553
17	113553
18	163956
19	13274052
20	05274357
21	2642
stop
64
7	3453
8	10254253
9	05213455
10	06163145
11	00224056
12	1942
13	052347
14	112754
15	204158
16	193654
17	123654
18	174057
19	14284153
20	06284458
21	2743