bus
6
stop
1a
5	56
6	121723303641465259
7	0410151924303439455054
8	0005101622283339465258
9	051115222935425058
10	071625334251
11	0110162533404755
12	01081522293439465259
13	0613202734414855
14	020814202733394653
15	010916233037455158
16	04101622273239455259
17	041116222936435158
18	041119253238455259
19	06132129374656
20	07183248
21	00123252
22	123252
23	1130
stop
2a
5	57
6	1318243137424753
7	000511162025313540465155
8	0106111723293440475359
9	061216233036435159
10	081726344352
11	0211172634414856
12	020916233035404753
13	000714212835424956
14	030915212834404754
15	021017243138465259
16	051117232833404653
17	00051217233037445259
18	0512202633394653
19	0007142230384757
20	08193349
21	01133353
22	133353
23	1231
stop
3a
5	58
6	1419253238434854
7	010612172126323641475256
8	02071218243035414854
9	000713172431374452
10	00091827354453
11	0312182735424957
12	031017243136414854
13	010815222936435057
14	041016222935414855
15	0311182532394753
16	00061218242934414754
17	010613182431384553
18	000613212734404754
19	0108152331394858
20	09203450
21	02143454
22	143454
23	1332
stop
4a
5	59
6	1520263339444955
7	020713182227333742485357
8	03081319253136424955
9	010814182532384553
10	01101928364554
11	0413192836435058
12	041118253237424955
13	020916233037445158
14	051117233036424956
15	0412192633404854
16	01071319253035424855
17	020714192532394654
18	010714222835414855
19	0209162432404959
20	10213551
21	03153555
22	153555
23	1433
stop
5a
6	021823293642475258
7	0510162125303640455156
8	0006111622283439455258
9	041117212835414856
10	04132231394857
11	07162231394653
12	01071421283540455258
13	0512192633404754
14	01081420263339455259
15	0715222936435157
16	04101622283338455158
17	051017222835424957
18	041017253138445158
19	05121927354352
20	0213243854
21	06183858
22	183858
23	1736
stop
6a
6	0420253138444954
7	0009142025293440444955
8	0004101520263238434956
9	02071420243138445159
10	071625344251
11	0010192534424956
12	041017243138434855
13	010815222936435057
14	041117232936424855
15	0210182532394654
16	00071319253137424955
17	020914212632394653
18	010814212935424855
19	0207142129374554
20	0415264056
21	082040
22	002040
23	001938
stop
38a
5	43
6	08242935424854
7	0006152029333843495358
8	0409131924293540465157
9	04101522283239465259
10	07152433425059
11	08182733425057
12	041218253239465156
13	030916233037445158
14	051219253137445056
15	0310182633404754
16	02081521273340465158
17	041219243136424956
18	031118243138435056
19	030813202735425059
20	08193044
21	00122444
22	042444
23	042342
stop
39a
5	46
6	11273238455157
7	03091823323641465256
8	0107121622273238434954
9	00071318253135424955
10	02101827364553
11	02112130364553
12	00071521283542495459
13	0612192633404754
14	01081522283440475359
15	0613212936435057
16	051118243036434954
17	01071522273439455259
18	061421273441465359
19	0611162330384553
20	0211223347
21	03152747
22	072747
23	072645
stop
40a
5	48
6	13293440475359
7	05112025343843485458
8	0309141824293440455156
9	02091520273337445157
10	04122029384755
11	04132332384755
12	020917233037445156
13	010814212835424956
14	031017243036424955
15	010815233138455259
16	071320263238455156
17	030917242936414754
18	010816232936434855
19	010813182532404755
20	0413243549
21	05172949
22	092949
23	092847
stop
41a
5	50
6	153136424955
7	01071322273640455056
8	000511162026313642475358
9	04111722293539465359
10	06142231404957
11	06152534404957
12	041119253239465358
13	031016233037445158
14	051219263238445157
15	0310172533404754
16	01091522283440475358
17	051119263138434956
18	031018253138455057
19	031015202734424957
20	0615263751
21	07193151
22	113151
23	113049
stop
42a
5	53
6	183439455258
7	04101625303943485359
8	0308141923293439455056
9	01071420253238424956
10	02091725344352
11	00091828374352
12	000714222835424956
13	010613192633404754
14	010815222935414754
15	000613202836435057
16	051420273340465359
17	041118263338455056
18	031017253137445156
19	030815202532394653
20	011019294054
21	10223454
22	143454
23	143352
stop
43a
5	55
6	2036414754
7	00061218273241455055
8	010510162125313641475258
9	03091622273440445158
10	04111927364554
11	02112030394554
12	020916243037445158
13	030815212835424956
14	031017243137434956
15	020815223038455259
16	0716222935424855
17	01061320283540475258
18	051219273339465358
19	051017222734414855
20	031221314256
21	12243656
22	163656
23	163554
stop
44a
5	57
6	2238434956
7	02081420293443475257
8	0307121823273338434954
9	00051118242936424653
10	0006132129384756
11	04132232414756
12	0411182632394653
13	00051017233037445158
14	051219263339455158
15	0410172432404754
16	010918243137445057
17	030816233138435055
18	010815223036424956
19	01081320253036435057
20	051423334458
21	14263858
22	183858
23	183756
stop
45a
5	58
6	2339445057
7	03091521303544485358
8	0408131924283439445055
9	01061219253037434754
10	0107142230394857
11	05142333424857
12	0512192733404754
13	01061118243138455259
14	061320273440465259
15	0511182533414855
16	021019253238455158
17	040917243239445156
18	020916233137435057
19	02091421263137445158
20	061524344559
21	15273959
22	193959
23	193857
stop
46a
5	59
6	2440455158
7	04101622313645495459
8	0509142025293540455156
9	02071320263138444855
10	0208152331404958
11	06152434434958
12	0613202834414855
13	020712192532394653
14	000714212835414753
15	000612192634424956
16	031120263339465259
17	051018253340455257
18	031017243238445158
19	03101522273238455259
20	0716
stop
47a
6	002541465259
7	051117233237465055
8	000610152126303641465257
9	03081421273239454956
10	0309162432415059
11	07162535445059
12	0714212935424956
13	030813202633404754
14	010815222936424854
15	010713202735435057
16	0412212735414854
17	01071220273542475459
18	051219263339455259
19	041116232833394653
20	000817
stop
47b
6	0027424854
7	00071217253237465056
8	020814192429333944495459
9	05111723293541475259
10	05111927354453
11	01101928374653
12	021017243138455259
13	051116232936435057
14	041018253238445157
15	030916233038455259
16	0614212936435056
17	030915222936424955
18	010714212834404754
19	01071319253137434955
20	021018
stop
46b
6	0128434955
7	01081318263338475157
8	0309152025303440455055
9	00061218243036424853
10	0006122028364554
11	02112029384754
12	0311182532394653
13	00061217243037445158
14	051119263339455258
15	0410172431394653
16	000715223037445157
17	041016233037435056
18	020815222935414855
19	02081420263238445056
20	031119283950
21	02183042
22	022242
23	022241
0	00
stop
44b
6	0330455157
7	03101520283540495359
8	0511172227323642475257
9	02081420263238445055
10	0208142230384756
11	04132231404956
12	0513202734414855
13	020814192632394653
14	000713212835414754
15	000612192633414855
16	020917243239465359
17	061218253239455258
18	041017243137435057
19	04101622283440465258
20	051321304152
21	04203244
22	042444
23	042443
0	02
stop
43b
6	0532475359
7	051217223037425155
8	010713192429343844495459
9	04101622283440465257
10	0410162432404958
11	06152433425158
12	0715222936435057
13	041016212834414855
14	020915233037434956
15	020814212835435057
16	0411192634414855
17	010814202734414754
18	00061219263339455259
19	061218243036424854
20	00071523324354
21	06223446
22	062646
23	062645
0	04
stop
42b
6	07344955
7	01071419243239445357
8	0309152126313640465156
9	0106121824303642485459
10	06121826344251
11	00081726354453
12	000917243138455259
13	061218233036435057
14	041117253239455158
15	041016233037455259
16	0613212836435057
17	031016222936434956
18	020814212835414754
19	01081420263238445056
20	02091725344556
21	08243648
22	082848
23	082847
0	06
stop
41b
5	52
6	10375258
7	041018232836434857
8	0107131925303540445055
9	0004091521273339455157
10	0209152129374554
11	03112029384756
12	0312202734414855
13	020915212633394653
14	000714202835424854
15	010713192633404855
16	0209162431394654
17	010714202633404753
18	00061218253238445057
19	04111723293541475359
20	05122028374859
21	11273951
22	113050
23	103049
0	09
stop
40b
5	54
6	123954
7	00061220253038455059
8	0309152127323742465257
9	0206111723293541475359
10	0411172331394756
11	05132231404958
12	0514222936435057
13	041117232835414855
14	020916223037445056
15	030915212835425057
16	0411182633414957
17	041017232936435056
18	03091521283541465259
19	061319253137434955
20	01071422303950
21	0113294153
22	133252
23	123251
0	11
stop
39b
5	57
6	154257
7	030915232833414853
8	0206121824303540454955
9	0005091420263238445056
10	020714202634425059
11	081625344352
12	0108172532394653
13	00071420263138445158
14	051219253340475359
15	0612182431384553
16	0007142129374553
17	010915222834414855
18	01081420263340455056
19	03101723293440465258
20	04101725334253
21	0416324456
22	163555
23	143453
0	14
stop
38b
5	59
6	1744
7	01071319283338465358
8	07111723293540455054
9	0005101418243036424854
10	000611182430384654
11	03122029384756
12	0512212936435057
13	041118243035424855
14	020916232937445157
15	031016222835424957
16	0411182533414957
17	051319263238455259
18	051218243037444954
19	00071320263237434955
20	0107132028364556
21	0719354759
22	193858
23	173756
0	16
stop
6b
6	022047
7	041016223136414956
8	0110142026323843485357
9	0308131721273339455157
10	030914212733414957
11	06152332415059
12	08152432394653
13	00071421273338455158
14	0513192632404754
15	000613192531384552
16	0007142128384654
17	021018243137435057
18	04101723293542495459
19	05121823293540465258
20	0410162331394859
21	10223850
22	022241
23	01204059
0	19
stop
5b
6	042249
7	061218243338435158
8	0312162228344045505559
9	0510151923293541475359
10	051116232935435159
11	081725344352
12	0110172634414855
13	020916232935404753
14	000715212834424956
15	020815212733404754
16	0209162330404856
17	041220263339455259
18	061219253137445156
19	01071420253137424854
20	0006121825334150
21	0112244052
22	042443
23	032242
0	0121
stop
4b
6	062451
7	0814202635404553
8	0005141824303642475257
9	0107121721253137434955
10	010713182531374553
11	01101927364554
12	0312192836435057
13	041118253137424955
14	020917233036445158
15	041017232935424956
16	0411182532425058
17	0614222835414754
18	01081421273339465358
19	03091622273339445056
20	0208142027354352
21	0314264254
22	062645
23	052444
0	0323
stop
3b
6	082653
7	1016222837424755
8	0207162026323844495459
9	0309141923273339455157
10	030915202733394755
11	03122129384756
12	0514213038455259
13	061320273339445157
14	0411192532384653
15	00061219253137445158
16	06132027344452
17	000816243037434956
18	031016232935414855
19	0005111824293541465258
20	0410162229374554
21	0516284456
22	082847
23	072646
0	0525
stop
2b
6	092754
7	1117232938434856
8	03081721273339455055
9	000410152024283440465258
10	041016212834404856
11	04132230394857
12	06152231394653
13	00071421283440455258
14	0512202633394754
15	01071320263238455259
16	07142128354553
17	010917253138445057
18	041117243036424956
19	0106121925303642475359
20	0511172330384655
21	0617294557
22	092948
23	082747
0	0626
stop
1b
6	102855
7	1218243039444957
8	04091822283440465156
9	010511162125293541475359
10	051117222935414957
11	05142331404958
12	07162332404754
13	01081522293541465359
14	0613212734404855
15	020814212733394653
16	0008152229364654
17	021018263239455158
18	051218253137435057
19	02071320263137434854
20	000612182431394756
21	0718304658
22	103049
23	092848
0	0727